   1.0000000000000000e+00  -5.9637727070164051e+00   1.9125339333078269e+01  -4.0341474540744251e+01   6.1537466875368978e+01  -7.0019717951472416e+01   6.0298814235239121e+01  -3.8733792862566489e+01   1.7993533279581158e+01  -5.4979061224867998e+00   9.0332828533800225e-01
   1.0000000000000000e+00  -4.6377947119071408e+00   1.3502215749461548e+01  -2.6155952405269687e+01   3.8589668330738206e+01  -4.3038990303252447e+01   3.7812927599536934e+01  -2.5113598088113633e+01   1.2703182701888002e+01  -4.2755083391143165e+00   9.0332828533799436e-01
   1.0000000000000000e+00  -3.0591317915750906e+00   8.6417489609637350e+00  -1.4278790253808801e+01   2.1302268283304223e+01  -2.2193853972079122e+01   2.0873499791105324e+01  -1.3709764520609305e+01   8.1303553577931105e+00  -2.8201643879900300e+00   9.0332828533799292e-01
   1.0000000000000000e+00  -1.4071749185996765e+00   5.6904141470697533e+00  -5.7374718273676333e+00   1.1958028362868900e+01  -8.5435280598354630e+00   1.1717345583835952e+01  -5.5088290876998602e+00   5.3536787286077567e+00  -1.2972519209655577e+00   9.0332828533799781e-01
   1.0000000000000000e+00   8.2010906117760185e-01   5.1673756579268586e+00   3.2580350909220859e+00   1.0392903763919186e+01   4.8101776408668968e+00   1.0183724507092499e+01   3.1282000712126674e+00   4.8615933365571946e+00   7.5604535083144719e-01   9.0332828533799925e-01
   1.0000000000000000e+00   2.7080869856154486e+00   7.8319071217995564e+00   1.2201607990980714e+01   1.8651500443681563e+01   1.8758157568004478e+01   1.8276088095998944e+01   1.1715361303018836e+01   7.3684394621253082e+00   2.4965418284511749e+00   9.0332828533799825e-01
   1.0000000000000000e+00   4.9479835250075865e+00   1.4691607003177580e+01   2.9082414772101004e+01   4.3179839108869231e+01   4.8440791644688744e+01   4.2310703962394200e+01   2.7923434247706322e+01   1.3822186510470948e+01   4.5614664160654126e+00   9.0332828533799459e-01
   1.0000000000000000e+00   6.1701893352279891e+00   2.0127225876810357e+01   4.2974193398071755e+01   6.5958045321253607e+01   7.5230437667866809e+01   6.4630411355740080e+01   4.1261591079244283e+01   1.8936128791950615e+01   5.6881982915180576e+00   9.0332828533800269e-01
   1.0000000000000000e+00   7.4092912870072407e+00   2.6857944460290142e+01   6.1578787811202261e+01   9.8258255839887369e+01   1.1359460153696304e+02   9.6280452143026167e+01   5.9124742025776463e+01   2.5268527576524242e+01   6.8305064480743205e+00   9.0332828533800180e-01
   1.0000000000000000e+00   8.5743055776347621e+00   3.4306584753117839e+01   8.4035290411036868e+01   1.3928510844056780e+02   1.6305115418161569e+02   1.3648147221895735e+02   8.0686288623299390e+01   3.2276361903871951e+01   7.9045143816244288e+00   9.0332828533799125e-01
