   9.0928661148185774e-10   0.0000000000000000e+00  -4.5464330574092889e-09   0.0000000000000000e+00   9.0928661148185778e-09   0.0000000000000000e+00  -9.0928661148185778e-09   0.0000000000000000e+00   4.5464330574092889e-09   0.0000000000000000e+00  -9.0928661148185774e-10
   9.0928661148197509e-10   0.0000000000000000e+00  -4.5464330574098754e-09   0.0000000000000000e+00   9.0928661148197507e-09   0.0000000000000000e+00  -9.0928661148197507e-09   0.0000000000000000e+00   4.5464330574098754e-09   0.0000000000000000e+00  -9.0928661148197509e-10
   9.0928661148209307e-10   0.0000000000000000e+00  -4.5464330574104652e-09   0.0000000000000000e+00   9.0928661148209303e-09   0.0000000000000000e+00  -9.0928661148209303e-09   0.0000000000000000e+00   4.5464330574104652e-09   0.0000000000000000e+00  -9.0928661148209307e-10
   9.0928661148190582e-10   0.0000000000000000e+00  -4.5464330574095288e-09   0.0000000000000000e+00   9.0928661148190576e-09   0.0000000000000000e+00  -9.0928661148190576e-09   0.0000000000000000e+00   4.5464330574095288e-09   0.0000000000000000e+00  -9.0928661148190582e-10
   9.0928661148200798e-10   0.0000000000000000e+00  -4.5464330574100400e-09   0.0000000000000000e+00   9.0928661148200800e-09   0.0000000000000000e+00  -9.0928661148200800e-09   0.0000000000000000e+00   4.5464330574100400e-09   0.0000000000000000e+00  -9.0928661148200798e-10
   9.0928661148190592e-10   0.0000000000000000e+00  -4.5464330574095296e-09   0.0000000000000000e+00   9.0928661148190592e-09   0.0000000000000000e+00  -9.0928661148190592e-09   0.0000000000000000e+00   4.5464330574095296e-09   0.0000000000000000e+00  -9.0928661148190592e-10
   9.0928661148210362e-10   0.0000000000000000e+00  -4.5464330574105181e-09   0.0000000000000000e+00   9.0928661148210362e-09   0.0000000000000000e+00  -9.0928661148210362e-09   0.0000000000000000e+00   4.5464330574105181e-09   0.0000000000000000e+00  -9.0928661148210362e-10
   9.0928661148194087e-10   0.0000000000000000e+00  -4.5464330574097041e-09   0.0000000000000000e+00   9.0928661148194083e-09   0.0000000000000000e+00  -9.0928661148194083e-09   0.0000000000000000e+00   4.5464330574097041e-09   0.0000000000000000e+00  -9.0928661148194087e-10
   9.0928661148196445e-10   0.0000000000000000e+00  -4.5464330574098224e-09   0.0000000000000000e+00   9.0928661148196449e-09   0.0000000000000000e+00  -9.0928661148196449e-09   0.0000000000000000e+00   4.5464330574098224e-09   0.0000000000000000e+00  -9.0928661148196445e-10
   9.0928661148211210e-10   0.0000000000000000e+00  -4.5464330574105603e-09   0.0000000000000000e+00   9.0928661148211206e-09   0.0000000000000000e+00  -9.0928661148211206e-09   0.0000000000000000e+00   4.5464330574105603e-09   0.0000000000000000e+00  -9.0928661148211210e-10
